74,35
3,2
3,1
3,3
10,164
10,156
10,122
10,32
10,266
10,66
10,76
10,252
10,2
10,3
11,24
11,22
11,2
11,3
9,7
9,2
9,3
8,15
8,7
8,4
8,13
8,2
8,3
12,2
12,1
12,3
20,2
73,3
20,1
73,2
73,1
20,3
73,0
72,3
72,2
72,1
72,0
71,3
71,2
71,1
71,0
70,3
19,2
70,2
70,1
19,1
70,0
69,3
69,2
69,1
19,3
69,0
68,3
68,2
68,1
68,0
67,3
67,2
67,1
67,0
66,3
66,2
66,1
66,0
11,26
11,18
11,16
11,14
11,12
11,8
11,1
18,1
11,6
18,3
10,286
10,268
10,184
10,170
10,152
14,1
10,116
14,3
10,96
13,1
10,1
13,3
10,6
9,6
9,1
9,4
8,18
8,12
8,1
2,2
2,1
8,5
2,3
0,0
